20
2 381212049 173159387 325
1 548774801 415585042 198
2 697308191 153008690 720
2 374281900 322004744 449
2 523477959 271067033 478
2 896664366 390941495 535
2 950247508 200051180 225
1 714563778 334152601 101
1 459853124 340664226 375
2 959095607 800923915 572
1 634685577 522093401 70
1 556391304 136614245 254
1 871744249 424275269 243
1 545216977 331672476 444
1 405167619 302190930 505
2 788985589 190562173 863
2 167398224 662901112 692
2 981752700 84020423 422
1 696128996 999422241 607
2 714979845 33262726 217
